purple: 147 112 219 => 478

purple-154: 246 243 248 => 737

purple-105: 173, 138, 216 => 504

purple-27: 44, 27, 59

purple-54: 86, 73, 98

purple-143: 229, 220, 239

purple-21: 34, 23, 44

purple-76: 123, 53, 187

purple-57: 93, 46, 134

purple-142: 226, 216, 238

purple-44: 71, 31, 106

purple-43: 66, 35, 106

purple-13: 21, 14, 29

gray-158: 252, 252, 252 / 384

light-blue-156: 246, 246, 254 / 591
light-blue-: 173, 216, 230

orange: 255, 140, 0 => 395

orange-103: 255, 152, 0

orange-102: 249, 150, 6

orange-118: 255, 171, 39

red-: 255, 105, 97 / 255

red-: 255, 69, 0